ВЦ УТИ   112  27.02  08-40 УПР   
ПЕРЕЧЕНЬ ОПЕРАЦИЙ С ПОЕЗДОМ (6980+637+7200)

СТАН   ОПЕР ДАТА  ВРЕМЯ НАПР  НОМЕР    КПП  ДАТА  ВРЕМЯ
АРЫСЬ  ПРЕД 26.02 11-50 САРАГ  2046  00968  26.02 11-51 
АРЫСЬ  ОТПР 26.02 11-50 САРАГ  2046  АРЫСЬ  26.02 11-51 
САРАГ  ПРЕД 26.02 18-02 САРАГ  2046  00968  26.02 18-04 
САРАГ  ПРИМ 26.02 19-50 КЕЛЕС  2046  САРАГ  26.02 19-50 
ЧУКУР  ПРИБ 26.02 22-02 КЕЛЕС  2046  ЧУКУР  26.02 22-04 
ЧУКУР  РАСФ 27.02 01-19 00000  2046  ЧУКУР  27.02 01-24
ВЦ УТИ   42  27.02  08-40 УПР  0
2046(6980+637+7200)   ОХР
     РАСФ 72000 27.02 01-19 НАПР 00000 ПАРК-01 ПУТЬ-01
3050/4140 УДЛ-50 ОСИ-180/180 ВАГ-45
ГОЛ-29109378 ХВ-29247665 ПР-8 ВЕРХ-0 БОК-0 Ж-0 М-0
ГР-45 ПОР-0 НРП-0 НДЛМ-0 ПАСС-0
КР 12/0 ПВ 25/0 ПР 8/0 ЗРВ 5/0 ФТГ 2/0 
КР-4 12/0 ПВ-4 25/0 ПР-4 8/0 ЗРВ-4 5/0 ФТГ-4 2/0 
УТИ  -45 
УТИ  -45 КР-12 ПВ-25 ПР-8 ЗРВ-5 ФТГ-2 
НОД 1-45/0 
НОД РАСФ КР-12 ПВ-25 ПР-8 ЗРВ-5 ФТГ-2 
ДС КЕЛЕС-5/0 НАЗАР-1/0 АБЛЫК-5/0 АХАНГ-3/0 СЕРГЛ-4/0 РАХИМ-1/0 
УРТАА-1/0 БАЯУТ-25/0 
НАРУШЕНИЙ ПФ НЕТ
НПВ-0360 ТОНН
ВЦ УТИ    60 27.02  08-40 УПР   
2046 (6980+637+7200) РАСФ 72000 27.02 01-19 НАПР-00000
НППВ-01997 ИППВ-69830 26.02 18-02   СППВ-69830 26.02 18-02


(:902 7200 2046 6980 637 7200 1 27 02 01 19 050 04140 8 0000 0 0
 01 29109378 0271 067 72014  01400 7201 0 0 6 2 00/00 00000 000 ОХР   
 02 29270113 0271 067 72014  01400 7201 0 0 6 2 00/00 00000 000 ОХР   
 03 29269313 0271 067 72014  01400 7201 0 0 5 2 00/00 00000 000 ОХР   
 04 29301801 0271 068 72014  01400 7201 0 0 6 2 00/00 00000 000 ОХР   
 05 29398716 0271 068 72014  01400 7201 0 0 6 2 00/00 00000 000 ОХР   
 06 95867958 0271 070 72271  01100 2867 0 0 6 2 00/00 00000 000 ОХРАНА
 07 95780722 0271 070 72271  01100 2867 0 0 6 7 00/00 00000 000 ОХРАНА
 08 95826780 0271 070 72271  01100 2867 0 0 6 7 00/00 00000 000 ОХРАНА
 09 53228409 0271 070 72271  01100 2867 0 0 6 7 00/00 00000 000 ОХРАНА
 10 95018016 0271 070 72271  01100 2867 0 0 6 4 00/00 00000 000 ОХРАНА
 11 92643329 0201 053 72374  09111 9999 0 8 6 0 00/00 00000 000 ОХРАНА
 12 60557154 0271 070 72518  01100 1309 0 0 6 0 00/00 00000 000 ОХРАНА
 13 65981425 0271 070 72518  01100 1309 0 0 6 0 00/00 00000 000 ОХРАНА
 14 65246134 0271 070 72518  01100 1309 0 0 6 0 00/00 00000 000 ОХРАНА
 15 56575111 0271 070 72518  01100 1309 0 0 6 0 00/00 00000 000 ОХРАНА
 16 65462426 0271 070 72518  01100 1309 0 0 6 0 00/00 00000 000 ОХРАНА
 17 56927544 0271 067 72518  01100 1309 0 0 6 0 00/00 00000 000 ОХРАНА
 18 66052952 0291 070 72518  01100 1309 0 0 6 0 00/00 00000 000 ОХРАНА
 19 62628821 0291 070 72518  01100 1309 0 0 6 0 00/00 00000 000 ОХРАНА
 20 65588865 0291 070 72518  01100 1309 0 0 6 0 00/00 00000 000 ОХРАНА
 21 60117231 0291 070 72518  01100 1309 0 0 6 0 00/00 00000 000 ОХРАНА
 22 65912610 0271 070 72518  01100 1309 0 0 6 0 00/00 00000 000 ОХРАНА
 23 56599772 0291 070 72518  01100 1309 0 0 6 0 00/00 00000 000 ОХРАНА
 24 64562812 0291 070 72518  01100 1309 0 0 6 0 00/00 00000 000 ОХРАНА
 25 61159547 0271 070 72518  01100 1309 0 0 6 0 00/00 00000 000 ОХРАНА
 26 55984249 0271 070 72518  01100 1309 0 0 6 0 00/00 00000 000 ОХРАНА
 27 56599269 0291 070 72518  01100 1309 0 0 6 0 00/00 00000 000 ОХРАНА
 28 56296437 0291 070 72518  01100 1309 0 0 6 0 00/00 00000 000 ОХРАНА
 29 56566540 0291 070 72518  01100 1309 0 0 6 0 00/00 00000 000 ОХРАНА
 30 66085879 0271 070 72518  01100 1309 0 0 6 0 00/00 00000 000 ОХРАНА
 31 65486409 0271 070 72518  01100 1309 0 0 6 0 00/00 00000 000 ОХРАНА
 32 65730525 0271 070 72518  01100 1309 0 0 6 0 00/00 00000 000 ОХРАНА
 33 65996738 0271 070 72518  01100 1309 0 0 6 0 00/00 00000 000 ОХРАНА
 34 64133275 0271 070 72518  01100 1309 0 0 6 0 00/00 00000 000 ОХРАНА
 35 65975500 0271 070 72518  01100 1309 0 0 6 0 00/00 00000 000 ОХРАНА
 36 65746729 0271 070 72518  01100 1309 0 0 6 0 00/00 00000 000 ОХРАНА
 37 29441961 0201 064 72223  09111 8448 0 8 6 2 00/00 00000 000 ОХРАНА
 38 28822286 0271 058 72388  46135 7041 0 0 0 2 00/00 00000 000 ОХРАНА
 39 98756562 0201 067 72357  00300 7041 0 0 7 0 03/00 00000 000 ОХРАНА
 40 98488182 0201 066 72357  00300 7041 0 0 7 0 03/00 00000 000 ОХРАНА
 41 52622180 0271 068 72357  50101 7041 0 0 0 2 00/00 00000 000 ОХРАНА
 42 52627007 0271 068 72357  50102 7041 0 0 0 2 00/00 00000 000 ОХРАНА
 43 29246576 0211 058 72309  54205 7041 0 0 0 4 00/00 00000 000 ОХРАНА
 44 29247426 0211 056 72309  54205 7041 0 0 0 4 00/00 00000 000 ОХРАНА
 45 29247665 0211 058 72309  54205 7041 0 0 0 4 00/00 00000 000 ОХРАНА
ВЦ УТИ   104 27.02  08-40 УПР   
ПЕРЕЧЕНЬ "ЧУЖИХ" ВАГОНОВ ИНВ.ПАРКА В ПОЕЗДЕ
